1.000000        0.39346934028737
1.200000        0.45118836390597
1.400000        0.50341469620859
1.600000        0.55067103588278
1.800000        0.59343034025940
2.000000        0.63212055882856
2.200000        0.66712891630192
2.400000        0.69880578808780
2.600000        0.72746820696599
2.800000        0.75340303605839
3.000000        0.77686983985157
3.200000        0.79810348200534
3.400000        0.81731647594727
3.600000        0.83470111177841
3.800000        0.85043138077736
4.000000        0.86466471676339
4.200000        0.87754357174702
4.400000        0.88919684163767
4.600000        0.89974115627720
4.800000        0.90928204671059
5.000000        0.91791500137610
5.200000        0.92572642178567
5.400000        0.93279448726025
5.600000        0.93918993737478
5.800000        0.94497677994359
6.000000        0.95021293163214
6.200000        0.95495079760644
6.400000        0.95923779602163
6.600000        0.96311683259876
6.800000        0.96662673003967
7.000000        0.96980261657768
7.200000        0.97267627755271
7.400000        0.97527647352966
7.600000        0.97762922814383
7.800000        0.97975808855420
8.000000        0.98168436111127
8.200000        0.98342732459824
8.400000        0.98500442317952
8.600000        0.98643144098780
8.800000        0.98772266009693
9.000000        0.98889100346176
9.200000        0.98994816425537
9.400000        0.99090472289830
9.600000        0.99177025295098
9.800000        0.99255341692908
10.000000       0.99326205300091